{"cells":[{"cell_type":"markdown","metadata":{"formattedRanges":[{"url":"https://www.kaggle.com/datasets/kumarajarshi/life-expectancy-who","type":"link","ranges":[],"toCodePoint":64,"fromCodePoint":0}],"cell_id":"efd768db561e499cb5751dc469addad8","deepnote_cell_type":"text-cell-p"},"source":"https://www.kaggle.com/datasets/kumarajarshi/life-expectancy-who","block_group":"a052e42f7a934dedb10ab11db3b50c8b"},{"cell_type":"markdown","metadata":{"formattedRanges":[],"cell_id":"118b5121694f4677b7c739899b234df8","deepnote_cell_type":"text-cell-p"},"source":"Lukas Zetterberg, Khaled Ahmed, Wille Kolu","block_group":"e61badbb1c37487ebe45a8f872a6fe63"},{"cell_type":"code","metadata":{"source_hash":null,"execution_start":1724926360459,"execution_millis":70,"deepnote_to_be_reexecuted":false,"cell_id":"96bde0dc4c114738a40c0e5ed709f3d1","deepnote_cell_type":"code"},"source":"import pandas as pd\nimport numpy as np\nimport matplotlib.pyplot as plt\nimport seaborn as sns\nfrom sklearn.impute import SimpleImputer\nfrom sklearn.preprocessing import StandardScaler","block_group":"34af2fa7faf34e7ab17e75196304da66","execution_count":null,"outputs":[],"outputs_reference":null,"content_dependencies":null},{"cell_type":"code","metadata":{"source_hash":null,"execution_start":1724926108936,"execution_millis":226,"deepnote_table_state":{"sortBy":[],"filters":[],"pageSize":100,"pageIndex":0,"conditionalFilters":[]},"deepnote_table_loading":false,"deepnote_to_be_reexecuted":false,"cell_id":"62bac31f2fbb458d96b35ec73a391961","deepnote_cell_type":"code"},"source":"df = pd.read_csv('Life Expectancy Data.csv')\n\ndf.head(5)","block_group":"51ebf94313874b0c9c3cfa41bb8d36f5","execution_count":null,"outputs":[{"output_type":"execute_result","execution_count":2,"data":{"application/vnd.deepnote.dataframe.v3+json":{"column_count":22,"row_count":5,"columns":[{"name":"Country","dtype":"object","stats":{"unique_count":1,"nan_count":0,"categories":[{"name":"Afghanistan","count":5}]}},{"name":"Year","dtype":"int64","stats":{"unique_count":5,"nan_count":0,"min":"2011","max":"2015","histogram":[{"bin_start":2011,"bin_end":2011.4,"count":1},{"bin_start":2011.4,"bin_end":2011.8,"count":0},{"bin_start":2011.8,"bin_end":2012.2,"count":1},{"bin_start":2012.2,"bin_end":2012.6,"count":0},{"bin_start":2012.6,"bin_end":2013,"count":0},{"bin_start":2013,"bin_end":2013.4,"count":1},{"bin_start":2013.4,"bin_end":2013.8,"count":0},{"bin_start":2013.8,"bin_end":2014.2,"count":1},{"bin_start":2014.2,"bin_end":2014.6,"count":0},{"bin_start":2014.6,"bin_end":2015,"count":1}]}},{"name":"Status","dtype":"object","stats":{"unique_count":1,"nan_count":0,"categories":[{"name":"Developing","count":5}]}},{"name":"Life expectancy ","dtype":"float64","stats":{"unique_count":4,"nan_count":0,"min":"59.2","max":"65.0","histogram":[{"bin_start":59.2,"bin_end":59.78,"count":2},{"bin_start":59.78,"bin_end":60.36,"count":2},{"bin_start":60.36,"bin_end":60.940000000000005,"count":0},{"bin_start":60.940000000000005,"bin_end":61.52,"count":0},{"bin_start":61.52,"bin_end":62.1,"count":0},{"bin_start":62.1,"bin_end":62.68,"count":0},{"bin_start":62.68,"bin_end":63.26,"count":0},{"bin_start":63.26,"bin_end":63.84,"count":0},{"bin_start":63.84,"bin_end":64.42,"count":0},{"bin_start":64.42,"bin_end":65,"count":1}]}},{"name":"Adult Mortality","dtype":"float64","stats":{"unique_count":5,"nan_count":0,"min":"263.0","max":"275.0","histogram":[{"bin_start":263,"bin_end":264.2,"count":1},{"bin_start":264.2,"bin_end":265.4,"count":0},{"bin_start":265.4,"bin_end":266.6,"count":0},{"bin_start":266.6,"bin_end":267.8,"count":0},{"bin_start":267.8,"bin_end":269,"count":1},{"bin_start":269,"bin_end":270.2,"count":0},{"bin_start":270.2,"bin_end":271.4,"count":1},{"bin_start":271.4,"bin_end":272.6,"count":1},{"bin_start":272.6,"bin_end":273.8,"count":0},{"bin_start":273.8,"bin_end":275,"count":1}]}},{"name":"infant deaths","dtype":"int64","stats":{"unique_count":5,"nan_count":0,"min":"62","max":"71","histogram":[{"bin_start":62,"bin_end":62.9,"count":1},{"bin_start":62.9,"bin_end":63.8,"count":0},{"bin_start":63.8,"bin_end":64.7,"count":1},{"bin_start":64.7,"bin_end":65.6,"count":0},{"bin_start":65.6,"bin_end":66.5,"count":1},{"bin_start":66.5,"bin_end":67.4,"count":0},{"bin_start":67.4,"bin_end":68.3,"count":0},{"bin_start":68.3,"bin_end":69.2,"count":1},{"bin_start":69.2,"bin_end":70.1,"count":0},{"bin_start":70.1,"bin_end":71,"count":1}]}},{"name":"Alcohol","dtype":"float64","stats":{"unique_count":1,"nan_count":0,"min":"0.01","max":"0.01","histogram":[{"bin_start":-0.49,"bin_end":-0.39,"count":0},{"bin_start":-0.39,"bin_end":-0.29,"count":0},{"bin_start":-0.29,"bin_end":-0.18999999999999995,"count":0},{"bin_start":-0.18999999999999995,"bin_end":-0.08999999999999997,"count":0},{"bin_start":-0.08999999999999997,"bin_end":0.010000000000000009,"count":5},{"bin_start":0.010000000000000009,"bin_end":0.1100000000000001,"count":0},{"bin_start":0.1100000000000001,"bin_end":0.21000000000000008,"count":0},{"bin_start":0.21000000000000008,"bin_end":0.31000000000000005,"count":0},{"bin_start":0.31000000000000005,"bin_end":0.41000000000000003,"count":0},{"bin_start":0.41000000000000003,"bin_end":0.51,"count":0}]}},{"name":"percentage expenditure","dtype":"float64","stats":{"unique_count":5,"nan_count":0,"min":"7.097108703","max":"78.1842153","histogram":[{"bin_start":7.097108703,"bin_end":14.2058193627,"count":1},{"bin_start":14.2058193627,"bin_end":21.3145300224,"count":0},{"bin_start":21.3145300224,"bin_end":28.423240682099998,"count":0},{"bin_start":28.423240682099998,"bin_end":35.531951341799996,"count":0},{"bin_start":35.531951341799996,"bin_end":42.640662001500004,"count":0},{"bin_start":42.640662001500004,"bin_end":49.7493726612,"count":0},{"bin_start":49.7493726612,"bin_end":56.85808332089999,"count":0},{"bin_start":56.85808332089999,"bin_end":63.9667939806,"count":0},{"bin_start":63.9667939806,"bin_end":71.0755046403,"count":0},{"bin_start":71.0755046403,"bin_end":78.1842153,"count":4}]}},{"name":"Hepatitis B","dtype":"float64","stats":{"unique_count":5,"nan_count":0,"min":"62.0","max":"68.0","histogram":[{"bin_start":62,"bin_end":62.6,"count":1},{"bin_start":62.6,"bin_end":63.2,"count":0},{"bin_start":63.2,"bin_end":63.8,"count":0},{"bin_start":63.8,"bin_end":64.4,"count":1},{"bin_start":64.4,"bin_end":65,"count":0},{"bin_start":65,"bin_end":65.6,"count":1},{"bin_start":65.6,"bin_end":66.2,"count":0},{"bin_start":66.2,"bin_end":66.8,"count":0},{"bin_start":66.8,"bin_end":67.4,"count":1},{"bin_start":67.4,"bin_end":68,"count":1}]}},{"name":"Measles ","dtype":"int64","stats":{"unique_count":5,"nan_count":0,"min":"430","max":"3013","histogram":[{"bin_start":430,"bin_end":688.3,"count":2},{"bin_start":688.3,"bin_end":946.6,"count":0},{"bin_start":946.6,"bin_end":1204.9,"count":1},{"bin_start":1204.9,"bin_end":1463.2,"count":0},{"bin_start":1463.2,"bin_end":1721.5,"count":0},{"bin_start":1721.5,"bin_end":1979.8000000000002,"count":0},{"bin_start":1979.8000000000002,"bin_end":2238.1000000000004,"count":0},{"bin_start":2238.1000000000004,"bin_end":2496.4,"count":0},{"bin_start":2496.4,"bin_end":2754.7000000000003,"count":0},{"bin_start":2754.7000000000003,"bin_end":3013,"count":2}]}},{"name":" BMI ","dtype":"float64","stats":{"unique_count":5,"nan_count":0,"min":"17.2","max":"19.1","histogram":[{"bin_start":17.2,"bin_end":17.39,"count":1},{"bin_start":17.39,"bin_end":17.58,"count":0},{"bin_start":17.58,"bin_end":17.77,"count":1},{"bin_start":17.77,"bin_end":17.96,"count":0},{"bin_start":17.96,"bin_end":18.15,"count":1},{"bin_start":18.15,"bin_end":18.34,"count":0},{"bin_start":18.34,"bin_end":18.53,"count":0},{"bin_start":18.53,"bin_end":18.720000000000002,"count":1},{"bin_start":18.720000000000002,"bin_end":18.91,"count":0},{"bin_start":18.91,"bin_end":19.1,"count":1}]}},{"name":"under-five deaths ","dtype":"int64","stats":{"unique_count":5,"nan_count":0,"min":"83","max":"97","histogram":[{"bin_start":83,"bin_end":84.4,"count":1},{"bin_start":84.4,"bin_end":85.8,"count":0},{"bin_start":85.8,"bin_end":87.2,"count":1},{"bin_start":87.2,"bin_end":88.6,"count":0},{"bin_start":88.6,"bin_end":90,"count":1},{"bin_start":90,"bin_end":91.4,"count":0},{"bin_start":91.4,"bin_end":92.8,"count":0},{"bin_start":92.8,"bin_end":94.2,"count":1},{"bin_start":94.2,"bin_end":95.6,"count":0},{"bin_start":95.6,"bin_end":97,"count":1}]}},{"name":"Polio","dtype":"float64","stats":{"unique_count":5,"nan_count":0,"min":"6.0","max":"68.0","histogram":[{"bin_start":6,"bin_end":12.2,"count":1},{"bin_start":12.2,"bin_end":18.4,"count":0},{"bin_start":18.4,"bin_end":24.6,"count":0},{"bin_start":24.6,"bin_end":30.8,"count":0},{"bin_start":30.8,"bin_end":37,"count":0},{"bin_start":37,"bin_end":43.2,"count":0},{"bin_start":43.2,"bin_end":49.4,"count":0},{"bin_start":49.4,"bin_end":55.6,"count":0},{"bin_start":55.6,"bin_end":61.800000000000004,"count":1},{"bin_start":61.800000000000004,"bin_end":68,"count":3}]}},{"name":"Total expenditure","dtype":"float64","stats":{"unique_count":5,"nan_count":0,"min":"7.87","max":"8.52","histogram":[{"bin_start":7.87,"bin_end":7.9350000000000005,"count":1},{"bin_start":7.9350000000000005,"bin_end":8,"count":0},{"bin_start":8,"bin_end":8.065,"count":0},{"bin_start":8.065,"bin_end":8.129999999999999,"count":0},{"bin_start":8.129999999999999,"bin_end":8.195,"count":3},{"bin_start":8.195,"bin_end":8.26,"count":0},{"bin_start":8.26,"bin_end":8.325,"count":0},{"bin_start":8.325,"bin_end":8.39,"count":0},{"bin_start":8.39,"bin_end":8.455,"count":0},{"bin_start":8.455,"bin_end":8.52,"count":1}]}},{"name":"Diphtheria ","dtype":"float64","stats":{"unique_count":5,"nan_count":0,"min":"62.0","max":"68.0","histogram":[{"bin_start":62,"bin_end":62.6,"count":1},{"bin_start":62.6,"bin_end":63.2,"count":0},{"bin_start":63.2,"bin_end":63.8,"count":0},{"bin_start":63.8,"bin_end":64.4,"count":1},{"bin_start":64.4,"bin_end":65,"count":0},{"bin_start":65,"bin_end":65.6,"count":1},{"bin_start":65.6,"bin_end":66.2,"count":0},{"bin_start":66.2,"bin_end":66.8,"count":0},{"bin_start":66.8,"bin_end":67.4,"count":1},{"bin_start":67.4,"bin_end":68,"count":1}]}},{"name":" HIV/AIDS","dtype":"float64","stats":{"unique_count":1,"nan_count":0,"min":"0.1","max":"0.1","histogram":[{"bin_start":-0.4,"bin_end":-0.30000000000000004,"count":0},{"bin_start":-0.30000000000000004,"bin_end":-0.2,"count":0},{"bin_start":-0.2,"bin_end":-0.09999999999999998,"count":0},{"bin_start":-0.09999999999999998,"bin_end":0,"count":0},{"bin_start":0,"bin_end":0.09999999999999998,"count":0},{"bin_start":0.09999999999999998,"bin_end":0.20000000000000007,"count":5},{"bin_start":0.20000000000000007,"bin_end":0.30000000000000004,"count":0},{"bin_start":0.30000000000000004,"bin_end":0.4,"count":0},{"bin_start":0.4,"bin_end":0.5,"count":0},{"bin_start":0.5,"bin_end":0.6,"count":0}]}},{"name":"GDP","dtype":"float64","stats":{"unique_count":5,"nan_count":0,"min":"63.537231","max":"669.959","histogram":[{"bin_start":63.537231,"bin_end":124.1794079,"count":1},{"bin_start":124.1794079,"bin_end":184.82158479999998,"count":0},{"bin_start":184.82158479999998,"bin_end":245.4637617,"count":0},{"bin_start":245.4637617,"bin_end":306.1059386,"count":0},{"bin_start":306.1059386,"bin_end":366.7481155,"count":0},{"bin_start":366.7481155,"bin_end":427.3902924,"count":0},{"bin_start":427.3902924,"bin_end":488.0324693,"count":0},{"bin_start":488.0324693,"bin_end":548.6746462,"count":0},{"bin_start":548.6746462,"bin_end":609.3168231,"count":1},{"bin_start":609.3168231,"bin_end":669.959,"count":3}]}},{"name":"Population","dtype":"float64","stats":{"unique_count":5,"nan_count":0,"min":"327582.0","max":"33736494.0","histogram":[{"bin_start":327582,"bin_end":3668473.2,"count":2},{"bin_start":3668473.2,"bin_end":7009364.4,"count":1},{"bin_start":7009364.4,"bin_end":10350255.600000001,"count":0},{"bin_start":10350255.600000001,"bin_end":13691146.8,"count":0},{"bin_start":13691146.8,"bin_end":17032038,"count":0},{"bin_start":17032038,"bin_end":20372929.200000003,"count":0},{"bin_start":20372929.200000003,"bin_end":23713820.400000002,"count":0},{"bin_start":23713820.400000002,"bin_end":27054711.6,"count":0},{"bin_start":27054711.6,"bin_end":30395602.8,"count":0},{"bin_start":30395602.8,"bin_end":33736494,"count":2}]}},{"name":" thinness  1-19 years","dtype":"float64","stats":{"unique_count":5,"nan_count":0,"min":"17.2","max":"18.2","histogram":[{"bin_start":17.2,"bin_end":17.3,"count":1},{"bin_start":17.3,"bin_end":17.4,"count":0},{"bin_start":17.4,"bin_end":17.5,"count":0},{"bin_start":17.5,"bin_end":17.599999999999998,"count":1},{"bin_start":17.599999999999998,"bin_end":17.7,"count":0},{"bin_start":17.7,"bin_end":17.8,"count":1},{"bin_start":17.8,"bin_end":17.9,"count":0},{"bin_start":17.9,"bin_end":18,"count":1},{"bin_start":18,"bin_end":18.099999999999998,"count":0},{"bin_start":18.099999999999998,"bin_end":18.2,"count":1}]}},{"name":" thinness 5-9 years","dtype":"float64","stats":{"unique_count":5,"nan_count":0,"min":"17.3","max":"18.2","histogram":[{"bin_start":17.3,"bin_end":17.39,"count":1},{"bin_start":17.39,"bin_end":17.48,"count":0},{"bin_start":17.48,"bin_end":17.57,"count":1},{"bin_start":17.57,"bin_end":17.66,"count":0},{"bin_start":17.66,"bin_end":17.75,"count":1},{"bin_start":17.75,"bin_end":17.84,"count":0},{"bin_start":17.84,"bin_end":17.93,"count":0},{"bin_start":17.93,"bin_end":18.02,"count":1},{"bin_start":18.02,"bin_end":18.11,"count":0},{"bin_start":18.11,"bin_end":18.2,"count":1}]}},{"name":"Income composition of resources","dtype":"float64","stats":{"unique_count":5,"nan_count":0,"min":"0.454","max":"0.479","histogram":[{"bin_start":0.454,"bin_end":0.4565,"count":1},{"bin_start":0.4565,"bin_end":0.459,"count":0},{"bin_start":0.459,"bin_end":0.4615,"count":0},{"bin_start":0.4615,"bin_end":0.464,"count":1},{"bin_start":0.464,"bin_end":0.4665,"count":0},{"bin_start":0.4665,"bin_end":0.469,"count":0},{"bin_start":0.469,"bin_end":0.4715,"count":1},{"bin_start":0.4715,"bin_end":0.474,"count":0},{"bin_start":0.474,"bin_end":0.4765,"count":1},{"bin_start":0.4765,"bin_end":0.479,"count":1}]}},{"name":"Schooling","dtype":"float64","stats":{"unique_count":5,"nan_count":0,"min":"9.5","max":"10.1","histogram":[{"bin_start":9.5,"bin_end":9.56,"count":1},{"bin_start":9.56,"bin_end":9.62,"count":0},{"bin_start":9.62,"bin_end":9.68,"count":0},{"bin_start":9.68,"bin_end":9.74,"count":0},{"bin_start":9.74,"bin_end":9.8,"count":0},{"bin_start":9.8,"bin_end":9.86,"count":1},{"bin_start":9.86,"bin_end":9.92,"count":1},{"bin_start":9.92,"bin_end":9.98,"count":0},{"bin_start":9.98,"bin_end":10.04,"count":1},{"bin_start":10.04,"bin_end":10.1,"count":1}]}},{"name":"_deepnote_index_column","dtype":"int64"}],"rows":[{"Country":"Afghanistan","Year":2015,"Status":"Developing","Life expectancy ":65,"Adult Mortality":263,"infant deaths":62,"Alcohol":0.01,"percentage expenditure":71.27962362,"Hepatitis B":65,"Measles ":1154," BMI ":19.1,"under-five deaths ":83,"Polio":6,"Total expenditure":8.16,"Diphtheria ":65," HIV/AIDS":0.1,"GDP":584.25921,"Population":33736494," thinness  1-19 years":17.2," thinness 5-9 years":17.3,"Income composition of resources":0.479,"Schooling":10.1,"_deepnote_index_column":0},{"Country":"Afghanistan","Year":2014,"Status":"Developing","Life expectancy ":59.9,"Adult Mortality":271,"infant deaths":64,"Alcohol":0.01,"percentage expenditure":73.52358168,"Hepatitis B":62,"Measles ":492," BMI ":18.6,"under-five deaths ":86,"Polio":58,"Total expenditure":8.18,"Diphtheria ":62," HIV/AIDS":0.1,"GDP":612.696514,"Population":327582," thinness  1-19 years":17.5," thinness 5-9 years":17.5,"Income composition of resources":0.476,"Schooling":10,"_deepnote_index_column":1},{"Country":"Afghanistan","Year":2013,"Status":"Developing","Life expectancy ":59.9,"Adult Mortality":268,"infant deaths":66,"Alcohol":0.01,"percentage expenditure":73.21924272,"Hepatitis B":64,"Measles ":430," BMI ":18.1,"under-five deaths ":89,"Polio":62,"Total expenditure":8.13,"Diphtheria ":64," HIV/AIDS":0.1,"GDP":631.744976,"Population":31731688," thinness  1-19 years":17.7," thinness 5-9 years":17.7,"Income composition of resources":0.47,"Schooling":9.9,"_deepnote_index_column":2},{"Country":"Afghanistan","Year":2012,"Status":"Developing","Life expectancy ":59.5,"Adult Mortality":272,"infant deaths":69,"Alcohol":0.01,"percentage expenditure":78.1842153,"Hepatitis B":67,"Measles ":2787," BMI ":17.6,"under-five deaths ":93,"Polio":67,"Total expenditure":8.52,"Diphtheria ":67," HIV/AIDS":0.1,"GDP":669.959,"Population":3696958," thinness  1-19 years":17.9," thinness 5-9 years":18,"Income composition of resources":0.463,"Schooling":9.8,"_deepnote_index_column":3},{"Country":"Afghanistan","Year":2011,"Status":"Developing","Life expectancy ":59.2,"Adult Mortality":275,"infant deaths":71,"Alcohol":0.01,"percentage expenditure":7.097108703,"Hepatitis B":68,"Measles ":3013," BMI ":17.2,"under-five deaths ":97,"Polio":68,"Total expenditure":7.87,"Diphtheria ":68," HIV/AIDS":0.1,"GDP":63.537231,"Population":2978599," thinness  1-19 years":18.2," thinness 5-9 years":18.2,"Income composition of resources":0.454,"Schooling":9.5,"_deepnote_index_column":4}]},"text/plain":"       Country  Year      Status  Life expectancy   Adult Mortality  \\\n0  Afghanistan  2015  Developing              65.0            263.0   \n1  Afghanistan  2014  Developing              59.9            271.0   \n2  Afghanistan  2013  Developing              59.9            268.0   \n3  Afghanistan  2012  Developing              59.5            272.0   \n4  Afghanistan  2011  Developing              59.2            275.0   \n\n   infant deaths  Alcohol  percentage expenditure  Hepatitis B  Measles   ...  \\\n0             62     0.01               71.279624         65.0      1154  ...   \n1             64     0.01               73.523582         62.0       492  ...   \n2             66     0.01               73.219243         64.0       430  ...   \n3             69     0.01               78.184215         67.0      2787  ...   \n4             71     0.01                7.097109         68.0      3013  ...   \n\n   Polio  Total expenditure  Diphtheria    HIV/AIDS         GDP  Population  \\\n0    6.0               8.16         65.0        0.1  584.259210  33736494.0   \n1   58.0               8.18         62.0        0.1  612.696514    327582.0   \n2   62.0               8.13         64.0        0.1  631.744976  31731688.0   \n3   67.0               8.52         67.0        0.1  669.959000   3696958.0   \n4   68.0               7.87         68.0        0.1   63.537231   2978599.0   \n\n    thinness  1-19 years   thinness 5-9 years  \\\n0                   17.2                 17.3   \n1                   17.5                 17.5   \n2                   17.7                 17.7   \n3                   17.9                 18.0   \n4                   18.2                 18.2   \n\n   Income composition of resources  Schooling  \n0                            0.479       10.1  \n1                            0.476       10.0  \n2                            0.470        9.9  \n3                            0.463        9.8  \n4                            0.454        9.5  \n\n[5 rows x 22 columns]","text/html":"<div>\n<style scoped>\n    .dataframe tbody tr th:only-of-type {\n        vertical-align: middle;\n    }\n\n    .dataframe tbody tr th {\n        vertical-align: top;\n    }\n\n    .dataframe thead th {\n        text-align: right;\n    }\n</style>\n<table border=\"1\" class=\"dataframe\">\n  <thead>\n    <tr style=\"text-align: right;\">\n      <th></th>\n      <th>Country</th>\n      <th>Year</th>\n      <th>Status</th>\n      <th>Life expectancy</th>\n      <th>Adult Mortality</th>\n      <th>infant deaths</th>\n      <th>Alcohol</th>\n      <th>percentage expenditure</th>\n      <th>Hepatitis B</th>\n      <th>Measles</th>\n      <th>...</th>\n      <th>Polio</th>\n      <th>Total expenditure</th>\n      <th>Diphtheria</th>\n      <th>HIV/AIDS</th>\n      <th>GDP</th>\n      <th>Population</th>\n      <th>thinness  1-19 years</th>\n      <th>thinness 5-9 years</th>\n      <th>Income composition of resources</th>\n      <th>Schooling</th>\n    </tr>\n  </thead>\n  <tbody>\n    <tr>\n      <th>0</th>\n      <td>Afghanistan</td>\n      <td>2015</td>\n      <td>Developing</td>\n      <td>65.0</td>\n      <td>263.0</td>\n      <td>62</td>\n      <td>0.01</td>\n      <td>71.279624</td>\n      <td>65.0</td>\n      <td>1154</td>\n      <td>...</td>\n      <td>6.0</td>\n      <td>8.16</td>\n      <td>65.0</td>\n      <td>0.1</td>\n      <td>584.259210</td>\n      <td>33736494.0</td>\n      <td>17.2</td>\n      <td>17.3</td>\n      <td>0.479</td>\n      <td>10.1</td>\n    </tr>\n    <tr>\n      <th>1</th>\n      <td>Afghanistan</td>\n      <td>2014</td>\n      <td>Developing</td>\n      <td>59.9</td>\n      <td>271.0</td>\n      <td>64</td>\n      <td>0.01</td>\n      <td>73.523582</td>\n      <td>62.0</td>\n      <td>492</td>\n      <td>...</td>\n      <td>58.0</td>\n      <td>8.18</td>\n      <td>62.0</td>\n      <td>0.1</td>\n      <td>612.696514</td>\n      <td>327582.0</td>\n      <td>17.5</td>\n      <td>17.5</td>\n      <td>0.476</td>\n      <td>10.0</td>\n    </tr>\n    <tr>\n      <th>2</th>\n      <td>Afghanistan</td>\n      <td>2013</td>\n      <td>Developing</td>\n      <td>59.9</td>\n      <td>268.0</td>\n      <td>66</td>\n      <td>0.01</td>\n      <td>73.219243</td>\n      <td>64.0</td>\n      <td>430</td>\n      <td>...</td>\n      <td>62.0</td>\n      <td>8.13</td>\n      <td>64.0</td>\n      <td>0.1</td>\n      <td>631.744976</td>\n      <td>31731688.0</td>\n      <td>17.7</td>\n      <td>17.7</td>\n      <td>0.470</td>\n      <td>9.9</td>\n    </tr>\n    <tr>\n      <th>3</th>\n      <td>Afghanistan</td>\n      <td>2012</td>\n      <td>Developing</td>\n      <td>59.5</td>\n      <td>272.0</td>\n      <td>69</td>\n      <td>0.01</td>\n      <td>78.184215</td>\n      <td>67.0</td>\n      <td>2787</td>\n      <td>...</td>\n      <td>67.0</td>\n      <td>8.52</td>\n      <td>67.0</td>\n      <td>0.1</td>\n      <td>669.959000</td>\n      <td>3696958.0</td>\n      <td>17.9</td>\n      <td>18.0</td>\n      <td>0.463</td>\n      <td>9.8</td>\n    </tr>\n    <tr>\n      <th>4</th>\n      <td>Afghanistan</td>\n      <td>2011</td>\n      <td>Developing</td>\n      <td>59.2</td>\n      <td>275.0</td>\n      <td>71</td>\n      <td>0.01</td>\n      <td>7.097109</td>\n      <td>68.0</td>\n      <td>3013</td>\n      <td>...</td>\n      <td>68.0</td>\n      <td>7.87</td>\n      <td>68.0</td>\n      <td>0.1</td>\n      <td>63.537231</td>\n      <td>2978599.0</td>\n      <td>18.2</td>\n      <td>18.2</td>\n      <td>0.454</td>\n      <td>9.5</td>\n    </tr>\n  </tbody>\n</table>\n<p>5 rows × 22 columns</p>\n</div>"},"metadata":{}}],"outputs_reference":"s3:deepnote-cell-outputs-production/81809eb8-aede-4597-b241-0ee7b6a4e1bf","content_dependencies":null},{"cell_type":"code","metadata":{"source_hash":null,"execution_start":1724927379999,"execution_millis":64,"deepnote_to_be_reexecuted":false,"cell_id":"a6fcfc3ed32246b1898c1719963e68a8","deepnote_cell_type":"code"},"source":"df.isnull().sum()","block_group":"dc1e9c4851bf433da913e35678f9805b","execution_count":null,"outputs":[{"output_type":"execute_result","execution_count":35,"data":{"text/plain":"Country                              0\nYear                                 0\nStatus                               0\nLife expectancy                     10\nAdult Mortality                     10\ninfant deaths                        0\nAlcohol                            194\npercentage expenditure               0\nHepatitis B                        553\nMeasles                              0\n BMI                                34\nunder-five deaths                    0\nPolio                               19\nTotal expenditure                  226\nDiphtheria                          19\n HIV/AIDS                            0\nGDP                                448\nPopulation                         652\n thinness  1-19 years               34\n thinness 5-9 years                 34\nIncome composition of resources    167\nSchooling                          163\ndtype: int64"},"metadata":{}}],"outputs_reference":"dbtable:cell_outputs/74b6e867-e3d0-470f-ad04-1b4fd99e8ed3","content_dependencies":null},{"cell_type":"code","metadata":{"source_hash":null,"execution_start":1724926109170,"execution_millis":433,"deepnote_to_be_reexecuted":false,"cell_id":"4a0c35f1e0cb42dbbb3207f72c621aa8","deepnote_cell_type":"code"},"source":"# Data partitioning into subgroups\ndeveloping_df = df[df['Status'] == 'Developing']\ndeveloped_df = df[df['Status'] == 'Developed']\n\n# Select numerical columns for PCA\nnumerical_columns = df.select_dtypes(include=['float64', 'int64']).columns.tolist()\nnumerical_columns.remove('Year')\n\n# Impute missing values using mean strategy\nimputer = SimpleImputer(strategy='mean')\ndeveloping_df_imputed = imputer.fit_transform(developing_df[numerical_columns])\ndeveloped_df_imputed = imputer.fit_transform(developed_df[numerical_columns])\n\n# Data centering and standardize the data\nscaler = StandardScaler()\ndeveloping_df_scaled = scaler.fit_transform(developing_df_imputed)\ndeveloped_df_scaled = scaler.fit_transform(developed_df_imputed)","block_group":"4b08526f084647c49b57d41c2e12046b","execution_count":null,"outputs":[],"outputs_reference":null,"content_dependencies":null},{"cell_type":"code","metadata":{"source_hash":null,"execution_start":1724926109187,"execution_millis":417,"deepnote_to_be_reexecuted":false,"cell_id":"dab017c024e04631b6a374f0c6429897","deepnote_cell_type":"code"},"source":"developing_cov_matrix = np.cov(developing_df_scaled, rowvar=False)\ndeveloped_cov_matrix = np.cov(developed_df_scaled, rowvar=False)\nprint(developing_cov_matrix, developed_cov_matrix)","block_group":"0f6b90900ef84de3a5796ac9b03c8831","execution_count":null,"outputs":[{"name":"stdout","text":"[[ 1.00041237e+00 -6.61108321e-01 -1.66514889e-01  1.96573504e-01\n   3.44437255e-01  2.07865345e-01 -1.41831590e-01  5.46431926e-01\n  -1.95390723e-01  4.32738038e-01  8.95500365e-02  4.55775547e-01\n  -5.70678570e-01  3.61521752e-01  3.55515212e-04 -3.62759095e-01\n  -3.55884571e-01  6.17530085e-01  6.55723704e-01]\n [-6.61108321e-01  1.00041237e+00  4.66625080e-02 -2.12680281e-02\n  -2.02693973e-01 -1.32485284e-01  7.90683961e-03 -3.44910038e-01\n   6.22290099e-02 -2.28693874e-01 -9.94493921e-03 -2.31154168e-01\n   5.15640017e-01 -2.20010997e-01 -2.76146723e-02  2.07349517e-01\n   2.13643393e-01 -3.61274872e-01 -3.59682939e-01]\n [-1.66514889e-01  4.66625080e-02  1.00041237e+00 -6.35659418e-02\n  -8.49694245e-02 -1.80307217e-01  4.99420652e-01 -2.20613827e-01\n   9.97002319e-01 -1.52968224e-01 -1.20540975e-01 -1.59738360e-01\n   8.70760346e-03 -9.63177168e-02  5.50258355e-01  4.61181385e-01\n   4.67420330e-01 -1.07210807e-01 -1.66423442e-01]\n [ 1.96573504e-01 -2.12680281e-02 -6.35659418e-02  1.00041237e+00\n   2.22348795e-01  2.99323591e-02 -4.97150309e-03  1.86050033e-01\n  -5.70986892e-02  1.22981149e-01  1.97450833e-01  1.25549856e-01\n   5.50039405e-02  1.61321940e-01 -6.62626710e-03 -2.91860168e-01\n  -2.78119273e-01  2.46093441e-01  3.52649432e-01]\n [ 3.44437255e-01 -2.02693973e-01 -8.49694245e-02  2.22348795e-01\n   1.00041237e+00 -2.39686543e-02 -6.59361619e-02  2.72638877e-01\n  -8.79762938e-02  1.27771341e-01  6.22181953e-02  1.44696515e-01\n  -7.93578244e-02  8.27740959e-01 -1.03443138e-02 -1.88462015e-01\n  -1.91287094e-01  3.33373683e-01  3.34291543e-01]\n [ 2.07865345e-01 -1.32485284e-01 -1.80307217e-01  2.99323591e-02\n  -2.39686543e-02  1.00041237e+00 -9.06531428e-02  1.22326228e-01\n  -1.86410000e-01  4.24163054e-01  4.07422107e-02  5.25490689e-01\n  -9.67877359e-02  6.57342272e-02 -1.10510457e-01 -8.77101535e-02\n  -9.22127601e-02  1.45317058e-01  1.84206374e-01]\n [-1.41831590e-01  7.90683961e-03  4.99420652e-01 -4.97150309e-03\n  -6.59361619e-02 -9.06531428e-02  1.00041237e+00 -1.70069767e-01\n   5.06114596e-01 -1.25300470e-01 -1.00469283e-01 -1.32687476e-01\n   1.98337454e-02 -6.78469822e-02  2.35640300e-01  2.13008251e-01\n   2.09212249e-01 -9.84532913e-02 -1.07364112e-01]\n [ 5.46431926e-01 -3.44910038e-01 -2.20613827e-01  1.86050033e-01\n   2.72638877e-01  1.22326228e-01 -1.70069767e-01  1.00041237e+00\n  -2.31507449e-01  2.49922221e-01  1.62964871e-01  2.49237052e-01\n  -2.26916578e-01  3.11684157e-01 -6.02880606e-02 -5.08024740e-01\n  -5.17630613e-01  4.54771417e-01  4.92615484e-01]\n [-1.95390723e-01  6.22290099e-02  9.97002319e-01 -5.70986892e-02\n  -8.79762938e-02 -1.86410000e-01  5.06114596e-01 -2.31507449e-01\n   1.00041237e+00 -1.71421284e-01 -1.20939644e-01 -1.80815563e-01\n   2.13326385e-02 -1.00483966e-01  5.37494603e-01  4.62415713e-01\n   4.67392115e-01 -1.26778253e-01 -1.83852464e-01]\n [ 4.32738038e-01 -2.28693874e-01 -1.52968224e-01  1.22981149e-01\n   1.27771341e-01  4.24163054e-01 -1.25300470e-01  2.49922221e-01\n  -1.71421284e-01  1.00041237e+00  9.80763711e-02  6.61172954e-01\n  -1.34144923e-01  1.72311167e-01 -2.66637128e-02 -1.58940664e-01\n  -1.60317839e-01  3.09422429e-01  3.61473368e-01]\n [ 8.95500365e-02 -9.94493921e-03 -1.20540975e-01  1.97450833e-01\n   6.22181953e-02  4.07422107e-02 -1.00469283e-01  1.62964871e-01\n  -1.20939644e-01  9.80763711e-02  1.00041237e+00  1.06988340e-01\n   5.47835699e-02 -3.72874196e-02 -6.19698234e-02 -2.00724092e-01\n  -2.08596524e-01  4.17814186e-02  1.12664897e-01]\n [ 4.55775547e-01 -2.31154168e-01 -1.59738360e-01  1.25549856e-01\n   1.44696515e-01  5.25490689e-01 -1.32687476e-01  2.49237052e-01\n  -1.80815563e-01  6.61172954e-01  1.06988340e-01  1.00041237e+00\n  -1.41072997e-01  1.69214737e-01 -1.70384140e-02 -1.71755634e-01\n  -1.64534402e-01  3.41406999e-01  3.82447665e-01]\n [-5.70678570e-01  5.15640017e-01  8.70760346e-03  5.50039405e-02\n  -7.93578244e-02 -9.67877359e-02  1.98337454e-02 -2.26916578e-01\n   2.13326385e-02 -1.34144923e-01  5.47835699e-02 -1.41072997e-01\n   1.00041237e+00 -1.12608939e-01 -3.52889893e-02  1.62800504e-01\n   1.66538264e-01 -2.08056752e-01 -1.77348823e-01]\n [ 3.61521752e-01 -2.20010997e-01 -9.63177168e-02  1.61321940e-01\n   8.27740959e-01  6.57342272e-02 -6.78469822e-02  3.11684157e-01\n  -1.00483966e-01  1.72311167e-01 -3.72874196e-02  1.69214737e-01\n  -1.12608939e-01  1.00041237e+00 -1.02719649e-02 -1.73934587e-01\n  -1.81300971e-01  3.76292085e-01  3.58856775e-01]\n [ 3.55515212e-04 -2.76146723e-02  5.50258355e-01 -6.62626710e-03\n  -1.03443138e-02 -1.10510457e-01  2.35640300e-01 -6.02880606e-02\n   5.37494603e-01 -2.66637128e-02 -6.19698234e-02 -1.70384140e-02\n  -3.52889893e-02 -1.02719649e-02  1.00041237e+00  2.40429007e-01\n   2.37863047e-01  1.52340556e-02 -8.96109421e-03]\n [-3.62759095e-01  2.07349517e-01  4.61181385e-01 -2.91860168e-01\n  -1.88462015e-01 -8.77101535e-02  2.13008251e-01 -5.08024740e-01\n   4.62415713e-01 -1.58940664e-01 -2.00724092e-01 -1.71755634e-01\n   1.62800504e-01 -1.73934587e-01  2.40429007e-01  1.00041237e+00\n   9.29596701e-01 -2.93383712e-01 -3.41919227e-01]\n [-3.55884571e-01  2.13643393e-01  4.67420330e-01 -2.78119273e-01\n  -1.91287094e-01 -9.22127601e-02  2.09212249e-01 -5.17630613e-01\n   4.67392115e-01 -1.60317839e-01 -2.08596524e-01 -1.64534402e-01\n   1.66538264e-01 -1.81300971e-01  2.37863047e-01  9.29596701e-01\n   1.00041237e+00 -2.80244242e-01 -3.28686712e-01]\n [ 6.17530085e-01 -3.61274872e-01 -1.07210807e-01  2.46093441e-01\n   3.33373683e-01  1.45317058e-01 -9.84532913e-02  4.54771417e-01\n  -1.26778253e-01  3.09422429e-01  4.17814186e-02  3.41406999e-01\n  -2.08056752e-01  3.76292085e-01  1.52340556e-02 -2.93383712e-01\n  -2.80244242e-01  1.00041237e+00  7.40250316e-01]\n [ 6.55723704e-01 -3.59682939e-01 -1.66423442e-01  3.52649432e-01\n   3.34291543e-01  1.84206374e-01 -1.07364112e-01  4.92615484e-01\n  -1.83852464e-01  3.61473368e-01  1.12664897e-01  3.82447665e-01\n  -1.77348823e-01  3.58856775e-01 -8.96109421e-03 -3.41919227e-01\n  -3.28686712e-01  7.40250316e-01  1.00041237e+00]] [[ 1.00195695e+00 -4.86438862e-01 -5.48709644e-02 -2.80644613e-01\n   3.51000687e-01 -7.15484503e-02  3.78744880e-02 -4.40484908e-02\n  -4.80469187e-02  1.83777640e-02  6.96631169e-02 -1.96429953e-02\n   0.00000000e+00  3.38362747e-01  7.44215641e-02 -5.89228342e-01\n  -5.97697300e-01  7.10064524e-01  3.87588801e-01]\n [-4.86438862e-01  1.00195695e+00 -4.82027064e-02  1.34358755e-01\n  -2.04489917e-01  1.03796422e-01 -3.65643035e-02 -1.02615050e-02\n  -4.87088586e-02  2.26367398e-02 -1.52250800e-01  1.03984626e-02\n   0.00000000e+00 -2.34621956e-01 -3.71721250e-02  4.72567577e-01\n   4.81492987e-01 -4.62884996e-01 -2.33924840e-01]\n [-5.48709644e-02 -4.82027064e-02  1.00195695e+00 -7.58644467e-02\n  -1.51119561e-01 -7.06762752e-02  5.15807936e-02  4.75945400e-02\n   9.99767207e-01 -1.88509393e-01  4.53045281e-01  3.46478063e-02\n   0.00000000e+00 -2.51866448e-02  8.70932073e-02 -1.07230103e-01\n  -1.19676581e-01 -3.39247270e-02 -1.98300508e-02]\n [-2.80644613e-01  1.34358755e-01 -7.58644467e-02  1.00195695e+00\n  -1.19823201e-02 -2.35674807e-02 -5.79252258e-02  1.40365684e-01\n  -7.51274990e-02 -1.99368279e-02 -2.07674597e-02  3.13609102e-03\n   0.00000000e+00 -4.50656424e-02  1.92454587e-02  2.89482201e-03\n   2.29882737e-02 -1.96318227e-01 -2.21014541e-03]\n [ 3.51000687e-01 -2.04489917e-01 -1.51119561e-01 -1.19823201e-02\n   1.00195695e+00 -5.08320022e-02  5.00144923e-02 -1.80744546e-02\n  -1.53499063e-01  2.49667881e-04  3.41780515e-02 -4.54003169e-02\n   0.00000000e+00  8.81792580e-01  1.59652408e-02 -2.91245756e-01\n  -2.91299665e-01  4.53139608e-01  1.90306539e-01]\n [-7.15484503e-02  1.03796422e-01 -7.06762752e-02 -2.35674807e-02\n  -5.08320022e-02  1.00195695e+00  1.86828135e-02  6.22991128e-02\n  -6.52552591e-02  1.47794672e-01 -3.73935578e-02  1.77380637e-01\n   0.00000000e+00 -2.51835608e-02 -5.71460999e-02  1.75232981e-01\n   1.74126398e-01 -1.44500295e-01 -1.85778747e-01]\n [ 3.78744880e-02 -3.65643035e-02  5.15807936e-02 -5.79252258e-02\n   5.00144923e-02  1.86828135e-02  1.00195695e+00 -1.02463214e-01\n   6.45113153e-02 -8.10203728e-03 -1.77354639e-02  8.83484641e-03\n   0.00000000e+00  3.38409482e-02  6.57223914e-02  4.36386184e-02\n   1.76976248e-02 -1.72297806e-02 -7.82207126e-02]\n [-4.40484908e-02 -1.02615050e-02  4.75945400e-02  1.40365684e-01\n  -1.80744546e-02  6.22991128e-02 -1.02463214e-01  1.00195695e+00\n   4.39597623e-02  5.92108928e-02  1.46802765e-01  7.23669117e-02\n   0.00000000e+00 -3.63725838e-02  9.28588440e-02 -1.31021398e-01\n  -1.02751637e-01 -1.12763842e-02  1.12318795e-01]\n [-4.80469187e-02 -4.87088586e-02  9.99767207e-01 -7.51274990e-02\n  -1.53499063e-01 -6.52552591e-02  6.45113153e-02  4.39597623e-02\n   1.00195695e+00 -1.87621852e-01  4.49687519e-01  3.52012715e-02\n   0.00000000e+00 -3.06058134e-02  8.23515275e-02 -1.07483674e-01\n  -1.20672854e-01 -2.96126756e-02 -1.84337981e-02]\n [ 1.83777640e-02  2.26367398e-02 -1.88509393e-01 -1.99368279e-02\n   2.49667881e-04  1.47794672e-01 -8.10203728e-03  5.92108928e-02\n  -1.87621852e-01  1.00195695e+00 -8.88409589e-02  5.85356522e-01\n   0.00000000e+00  1.67139486e-02  5.12914500e-02  8.83919437e-02\n   9.05633700e-02 -7.71423396e-02 -1.81085639e-01]\n [ 6.96631169e-02 -1.52250800e-01  4.53045281e-01 -2.07674597e-02\n   3.41780515e-02 -3.73935578e-02 -1.77354639e-02  1.46802765e-01\n   4.49687519e-01 -8.88409589e-02  1.00195695e+00  1.41792488e-02\n   0.00000000e+00  7.35262050e-02 -1.18571438e-01 -3.04798557e-01\n  -3.11675354e-01  1.38339453e-01  2.19782709e-01]\n [-1.96429953e-02  1.03984626e-02  3.46478063e-02  3.13609102e-03\n  -4.54003169e-02  1.77380637e-01  8.83484641e-03  7.23669117e-02\n   3.52012715e-02  5.85356522e-01  1.41792488e-02  1.00195695e+00\n   0.00000000e+00  5.89377818e-03  3.98836920e-02  1.68151996e-01\n   1.58531820e-01 -1.16954626e-01 -2.13770611e-01]\n [ 0.00000000e+00  0.00000000e+00  0.00000000e+00  0.00000000e+00\n   0.00000000e+00  0.00000000e+00  0.00000000e+00  0.00000000e+00\n   0.00000000e+00  0.00000000e+00  0.00000000e+00  0.00000000e+00\n   0.00000000e+00  0.00000000e+00  0.00000000e+00  0.00000000e+00\n   0.00000000e+00  0.00000000e+00  0.00000000e+00]\n [ 3.38362747e-01 -2.34621956e-01 -2.51866448e-02 -4.50656424e-02\n   8.81792580e-01 -2.51835608e-02  3.38409482e-02 -3.63725838e-02\n  -3.06058134e-02  1.67139486e-02  7.35262050e-02  5.89377818e-03\n   0.00000000e+00  1.00195695e+00  3.50506045e-02 -2.93430231e-01\n  -2.95996131e-01  4.78491835e-01  1.54484211e-01]\n [ 7.44215641e-02 -3.71721250e-02  8.70932073e-02  1.92454587e-02\n   1.59652408e-02 -5.71460999e-02  6.57223914e-02  9.28588440e-02\n   8.23515275e-02  5.12914500e-02 -1.18571438e-01  3.98836920e-02\n   0.00000000e+00  3.50506045e-02  1.00195695e+00 -8.56752385e-02\n  -6.68663192e-02  5.81324789e-02  5.70242977e-02]\n [-5.89228342e-01  4.72567577e-01 -1.07230103e-01  2.89482201e-03\n  -2.91245756e-01  1.75232981e-01  4.36386184e-02 -1.31021398e-01\n  -1.07483674e-01  8.83919437e-02 -3.04798557e-01  1.68151996e-01\n   0.00000000e+00 -2.93430231e-01 -8.56752385e-02  1.00195695e+00\n   9.92381084e-01 -5.91202240e-01 -4.53570208e-01]\n [-5.97697300e-01  4.81492987e-01 -1.19676581e-01  2.29882737e-02\n  -2.91299665e-01  1.74126398e-01  1.76976248e-02 -1.02751637e-01\n  -1.20672854e-01  9.05633700e-02 -3.11675354e-01  1.58531820e-01\n   0.00000000e+00 -2.95996131e-01 -6.68663192e-02  9.92381084e-01\n   1.00195695e+00 -6.02327958e-01 -4.54576181e-01]\n [ 7.10064524e-01 -4.62884996e-01 -3.39247270e-02 -1.96318227e-01\n   4.53139608e-01 -1.44500295e-01 -1.72297806e-02 -1.12763842e-02\n  -2.96126756e-02 -7.71423396e-02  1.38339453e-01 -1.16954626e-01\n   0.00000000e+00  4.78491835e-01  5.81324789e-02 -5.91202240e-01\n  -6.02327958e-01  1.00195695e+00  6.77813162e-01]\n [ 3.87588801e-01 -2.33924840e-01 -1.98300508e-02 -2.21014541e-03\n   1.90306539e-01 -1.85778747e-01 -7.82207126e-02  1.12318795e-01\n  -1.84337981e-02 -1.81085639e-01  2.19782709e-01 -2.13770611e-01\n   0.00000000e+00  1.54484211e-01  5.70242977e-02 -4.53570208e-01\n  -4.54576181e-01  6.77813162e-01  1.00195695e+00]]\n","output_type":"stream"}],"outputs_reference":"s3:deepnote-cell-outputs-production/74b866c8-3097-4b30-9a48-03c94ac4b90c","content_dependencies":null},{"cell_type":"code","metadata":{"source_hash":null,"execution_start":1724926109200,"execution_millis":405,"deepnote_to_be_reexecuted":false,"cell_id":"25dbb050ba68452286df06c73bc331ea","deepnote_cell_type":"code"},"source":"# Calculate eigenvalues and eigenvectors for Developing countries\ndeveloping_eigenvalues, developing_eigenvectors = np.linalg.eig(developing_cov_matrix)\n\n# Calculate eigenvalues and eigenvectors for Developed countries\ndeveloped_eigenvalues, developed_eigenvectors = np.linalg.eig(developed_cov_matrix)\n\n# Sort eigenvalues and eigenvectors in descending order\ndeveloping_sorted_indices = np.argsort(developing_eigenvalues)[::-1]\ndeveloping_eigenvalues = developing_eigenvalues[developing_sorted_indices]\ndeveloping_eigenvectors = developing_eigenvectors[:, developing_sorted_indices]\n\ndeveloped_sorted_indices = np.argsort(developed_eigenvalues)[::-1]\ndeveloped_eigenvalues = developed_eigenvalues[developed_sorted_indices]\ndeveloped_eigenvectors = developed_eigenvectors[:, developed_sorted_indices]\n\n# Display the top eigenvalues for each group\ndeveloping_eigenvalues[:5], developed_eigenvalues[:5]","block_group":"b9a68ee95361413497a582f84fc26d48","execution_count":null,"outputs":[{"output_type":"execute_result","execution_count":6,"data":{"text/plain":"(array([5.44096785, 2.76849419, 1.78795407, 1.47543715, 1.38368773]),\n array([4.43662926, 2.48983666, 1.70903003, 1.4375706 , 1.29926658]))"},"metadata":{}}],"outputs_reference":"dbtable:cell_outputs/1a11d593-25b9-4a82-8f63-d1f87199e66f","content_dependencies":null},{"cell_type":"code","metadata":{"source_hash":null,"execution_start":1724926109208,"execution_millis":397,"deepnote_to_be_reexecuted":false